
[ 18.10  -3.98  10.77  -4.53   7.71  -4.28 ]
[  6.86   3.83   3.68   2.52   2.37   0.43 ]
[  6.04  -3.63   6.14  -3.82   5.05  -2.63 ]
[  6.07  -2.45  -0.17  -0.60  -1.06  -0.54 ]
[  3.88  -2.14   2.22  -4.29   2.47  -4.72 ]
[  1.95  -3.45   2.15  -1.29   0.31   0.68 ]

[  0.01   0.06    0.38     1.95      8.49      32.86 ]
[  0.06   0.55    3.42    17.30     75.42     292.12 ]
[  0.38   3.42   21.33   108.06    471.03    1824.36 ]
[  1.95  17.30  108.06   547.48   2386.49    9243.17 ]
[  8.49  75.43  471.07  2386.59  10403.19   40292.93 ]
[ 32.87 292.17 1824.59  9243.99  40294.75  156066.86 ]

------------------

[ 20.10  -2.91   8.53  -6.41   1.93  -3.79 ]
[  2.13   1.00   2.19   0.24   2.87  -2.82 ]
[ 11.60   0.12   5.29  -0.36  -1.11  -0.49 ]
[  2.86   0.58   3.00  -0.53   4.07  -1.64 ]
[  6.49   1.73   2.75   0.62   1.10  -1.54 ]
[  2.05   1.82   2.00   1.66   1.41   0.40 ]


[  0.01   0.06    0.38     1.95      8.49      32.88 ]
[  0.06   0.55    3.42    17.31     75.46     292.28 ]
[  0.38   3.42   21.34   108.12    471.28    1825.34 ]
[  1.95  17.31  108.12   547.77   2387.74    9248.00 ]
[  8.49  75.47  471.31  2387.82  10408.50   40313.29 ]
[ 32.89 292.31 1825.51  9248.59  40314.61  156143.03 ]


-------------------


[ 18.68  -3.24  10.61  -2.86   6.73  -0.73 ]
[  5.59   2.64   2.88   1.90   1.53   1.21 ]
[  5.21  -4.86   3.14  -4.33   2.28  -2.88 ]
[  5.34  -3.53  -0.91  -1.47  -2.89   1.71 ]
[  2.01  -1.87   1.20  -1.32   0.75  -0.15 ]
[  0.93  -3.78   3.40  -1.28   3.01  -0.46 ]


[  0.01    0.06    0.39    1.96      8.56      33.16 ]
[  0.06    0.55    3.45   17.47     76.15     294.93 ]
[  0.39    3.45   21.55  109.18    475.89    1843.15 ]
[  1.97   17.50  109.26  553.53   2412.79    9344.90 ]
[  8.59   76.32  476.63 2414.72  10525.64   40766.45 ]
[  33.29 295.85 1847.57 9360.25  40800.84  158024.17 ]

-------------------------

[ 15.89   0.68   3.43  -0.40   0.12  -0.32 ]
[  3.22   0.21  -2.75  -0.34  -3.60   0.36 ]
[  6.49   0.50  -3.13   0.45   2.60   0.04 ]
[ -1.12   1.20  -0.75  -1.23   2.61  -0.01 ]
[  4.96   0.36  -1.20  -1.21  -1.30   1.49 ]
[  1.27   0.13  -1.97   0.47   2.02   0.31 ]


[  0.01   0.06    0.39     1.96      8.56      33.15 ]
[  0.06   0.55    3.45    17.47     76.15     294.92 ]
[  0.39   3.45   21.56   109.20    476.00    1843.54 ]
[  1.97  17.50  109.31   553.80   2413.95    9349.21 ]
[  8.59  76.38   77.00  2416.54  10533.41   40795.85 ]
[ 33.32 296.16 1849.50  9369.88  40842.15  158181.54 ]


